

前一半样本训练，预测后一半

 KNN(1)

ans =

       68304           7


s =

all: 68306, rightRate: 0.719483 


ans =

    0.1329    0.0191    0.0331    0.7180    0.5868
    0.0347    0.0228    0.0629    0.1892    0.2003
    0.0589    0.0718    0.5638    0.8118    0.8545

>> 
>> 
>> KNN(2)

s =

all: 68306, rightRate: 0.674992 


ans =

    0.1536    0.0152    0.0163    0.8298    0.5384
    0.0460    0.0274    0.0470    0.2278    0.1742
    0.0856    0.1149    0.4940    0.7113    0.8864

>> KNN(3)

s =

all: 68306, rightRate: 0.760885 


ans =

    0.1460    0.0098    0.0293    0.7888    0.5833
    0.0407    0.0140    0.0657    0.1161    0.2596
    0.0635    0.0301    0.6009    0.8652    0.8635

>> KNN(4)


s =

all: 68306, rightRate: 0.757693 


ans =

    0.1469    0.0112    0.0270    0.7937    0.6078
    0.0381    0.0187    0.0637    0.1549    0.2469
    0.0567    0.0457    0.5922    0.8526    0.8673

>> KNN(5)

s =

all: 68306, rightRate: 0.773827 


ans =

    0.1477    0.0100    0.0274    0.7979    0.6085
    0.0387    0.0153    0.0665    0.1267    0.2903
    0.0563    0.0273    0.6109    0.8796    0.8668

>> KNN(6)

s =

all: 68306, rightRate: 0.776550 


ans =

    0.1489    0.0076    0.0286    0.8046    0.6122
    0.0388    0.0143    0.0674    0.1186    0.3008
    0.0555    0.0256    0.6134    0.8832    0.8647



	剔除掉留存，只考虑流失和将流失 

>> KNN(1)

s =

all: 20866, rightRate: 0.724576 


ans =

    0.5003    0.1055         0    0.8259    0.7464
    0.1699    0.2243         0    0.5689    0.6801
         0         0         0       NaN       NaN

>> KNN(2)

s =

all: 20866, rightRate: 0.724528 


ans =

    0.5591    0.0466         0    0.9230    0.7096
    0.2288    0.1654         0    0.4195    0.7801
         0         0         0       NaN       NaN

>> KNN(3)

s =

all: 20866, rightRate: 0.750982 


ans =

    0.5207    0.0851         0    0.8596    0.7605
    0.1640    0.2303         0    0.5841    0.7302
         0         0         0       NaN       NaN

>> 
>> KNN(4)

s =

all: 20866, rightRate: 0.749209 


ans =

    0.5522    0.0535         0    0.9116    0.7368
    0.1973    0.1970         0    0.4996    0.7863
         0         0         0       NaN       NaN

>> KNN(5)

s =

all: 20866, rightRate: 0.761143 


ans =

    0.5279    0.0778         0    0.8715    0.7663
    0.1610    0.2332         0    0.5915    0.7498
         0         0         0       NaN       NaN

>> KNN(6)

s =

all: 20866, rightRate: 0.759273 


ans =

    0.5484    0.0574         0    0.9052    0.7495
    0.1833    0.2109         0    0.5350    0.7860
         0         0         0       NaN       NaN

>> KNN(7)

s =

all: 20866, rightRate: 0.766894 


ans =

    0.5317    0.0740         0    0.8778    0.7697
    0.1591    0.2352         0    0.5965    0.7605
         0         0         0       NaN       NaN
